@RELATION PENCODE


@ATTRIBUTE 32BITSTRING STRING

@ATTRIBUTE IMAGENO STRING

@ATTRIBUTE ISRED NUMERIC

@ATTRIBUTE FREQUENCY NUMERIC


@DATA 


01111100111011010110011010110001
11100100111110111111110101110110
11000001110110010110010010010011
01111100100011011111011010000111
00010000011100110011011010010101
10000101011111011110000101100111
01111011100001011010110111110111
01111100000011110110011100100100
00111110110110101100111100000100
01101001110111111011100111100010
01001010101011100100110010110011
01001110000110011010000100000001
10101111011100111100000111110010
11111000011011000010100110100001
11101001010110011000110101100011
11000001000010111101100010110000
00000110101001001001011000000110
01111100111011010110011010110001
00101110110100001101100100000011
01001000110010100101010101010001
01111100111011010110011010110001
00101110110100001101100100000011
10110000111101010000110011000000
10110110010101110101011010000110
01111100100011011111011010000111
11000111010111010001000000110100
00000110101001001001011000000110
01100110100010000000000000110001
01110001100110000000101000010001
00011010001111011110000011100001
10011000010010010000101100110101
01011010110110011101100011000011
10101111011100111100000111110010
00011100110010111110010100010101
01010100100000111001111110100110
10011001100011100001101111100011
01011010110110011101100011000011
10000110010111111011000000000110
01111100111011010110011010110001
01111100111011010110011010110001
11110110000101010001010000110101
11000001000101001001100110010101
00111101001110010010110000100101
11001010110100101101000010000101
01000010111110000001010011000111
00110111010110110000111011010111
00110100011010011011001100010110
01111100111011010110011010110001
11111000011011000010100110100001
11011010100101001000000011000001
11100101101000110001010000010111
11111000011011000010100110100001
00011001001101110011101000100101
01101001111001001110001100000001
10000101011111011110000101100111
11111000011011000010100110100001
00001100110100100000010111010100
01010100100001111010001000100010
10100010111011110011000111110011
11100001100001100111111111100100
01111100100011011111011010000111
00110111010011011101000101000011
11000000011010010010000111010001
00000110101001001001011000000110
01100110100010000000000000110001
10011110101111010101011100000111
01110000010001100101000000100110
00101110110100001101100100000011
00111111110011010110011011110100
10111000011010000000101010110011
11111000101110100111101000110010
01010100100000111001111110100110
00110000111111101010101010010111
01111100111011010110011010110001
01111100100011011111011010000111
01001111110100010100010011010000
00000110101001001001011000000110
01111100111011010110011010110001
00101110110100001101100100000011
01001000110010100101010101010001
01000011101101100001111000000110
10100111111010111110111100010011
01111100111011010110011010110001
10100010111011110011000111110011
01001101110100101100010011010100
01111100100011011111011010000111
10010111000110100111100011110101
01010001110011101111010110000000
10011110101111010101011100000111
00000110101001001001011000000110
10111111101111111111001001100010
01111100111011010110011010110001
01111100111011010110011010110001
01111100100011011111011010000111
01001111110100010100010011010000
00110100011010011011001100010110
11000001011111100000000100110001
11001010110100101101000010000101
01101000000010100111011000110110
11111100101101100110111101100100
01011000011010011001100000010000
11111000011011000010100110100001
00110000110011101010000011010010
10000101011111011110000101100111
11011101000001100100001011100101
01101001110111111011100111100010
01110000010001100101000000100110
10100000010010011101001010010100
10011011110011000100010111000010
10110000101110010110001111100000
10000101011111011110000101100111
11111000011011000010100110100001
11001100111111000111101010100011
00011011101000010010001110110110
00001100111010111011111011000111
01010100100000111001111110100110
01001111011001111101111000100111
00110100011010011011001100010110
01111100111011010110011010110001
01111100111011010110011010110001
11011000101111001001010000010101
00000110101001001001011000000110
10100010111011110011000111110011
11100001100001100111111111100100
01101000101011011010111111100111
01001100101111110001110011110101
01001111110100010100010011010000
00000110101001001001011000000110
10101111011100111100000111110010
01110001100110000000101000010001
01100011011010001101100000100011
00111111110011010110011011110100
01110111010111011001001000100000
00101010101111100111001110000000
11100100111110111111110101110110
00110111111101111010110010100001
10100010111011110011000111110011
01111100110100111000000101010010
01011010110110011101100011000011
01111100100011011111011010000111
01100011001011001010111110010010
01010110000001001011001110110101
11101111110100111110000100100111
00000110101001001001011000000110
01111100111011010110011010110001
00101110110100001101100100000011
01000011011000100111010110100010
00010111100110101000101100110100
01111100111011010110011010110001
11100110101010011101110100110100
00000110101001001001011000000110
11000001000101001001100110010101
00101101110110111011010000010111
11001010110100101101000010000101
11000001011111100000000100110001
10010110111001110100011010000110
11110110000000000110101000110010
11100001100001100111111111100100
01100110001111010001010010100101
11001010110100101101000010000101
10101111011100111100000111110010
01111100100011011111011010000111
00000111111111110000110111100110
10000101011111011110000101100111
01001110111010001011101010010011
01000100101111001011010100110101
00010111000000011111100001000000
01010100100000111001111110100110
00100111000100110000110011010111
10000010100100100011100111000001
01111100100011011111011010000111
00000111111111110000110111100110
10000101011111011110000101100111
11010100101000011001011100110010
11101001010110011000110101100011
10101111011100111100000111110010
01111011100001011010110111110111
00110100011010011011001100010110
01111100111011010110011010110001
01111100111011010110011010110001
00101110110100001101100100000011
11110100001101010111101100000001
11111100101101100110111101100100
00101110110100001101100100000011
00101101110110111011010000010111
01111100001000101111101111010110
10111000100111111001111110010000
00100010011001010000101110100101
10110110010101110101011010000110
01111100100011011111011010000111
01011001100111001000110101000000
11110110000101010001010000110101
01111100100011011111011010000111
01001111110100010100010011010000
00000110101001001001011000000110
01111100111011010110011010110001
11111000011011000010100110100001
11011010100101001000000011000001
01001000110010100101010101010001
11110000000100001111110111100011
01111100111011010110011010110001
00100011001010010101100011110000
01111100111011010110011010110001
10101110110101000110000011100111
11100001100001100111111111100100
01111100001000101111101111010110
01010100000100110100000101110000
11011000101111001001010000010101
11111001010001010000011101010000
01100000011010101111100001100111
00011101010011000010110000000110
10100010111011110011000111110011
00111111110011010110011011110100
00011100110010111110010100010101
10000010100100100011100111000001
01100011000011010011010100100111
10100110000011111001001011100111
00101110110100001101100100000011
00100100101111110000000010010001
11111100101101100110111101100100
01100000011010101111100001100111
01000101100110011000100011010011
11100001100001100111111111100100
01111100001000101111101111010110
00011110011111011000010111110110
10100111000001011100101110110011
00000110101001001001011000000110
01111100100011011111011010000111
11010110101001011101110001110011
01100101110111100001000010100110
10101100101000001000000101010010
11111010111011101011001101010000
00111111110011010110011011110100
11111111111001001101000010100101
00010111100110101000101100110100
01111100100011011111011010000111
10011000111101101001101011010101
01100100100011101110110001100111
01011100011010001101011111100111
01111100110100111000000101010010
01011110011011110001110101000001
01001011101011101111111101000100
00000110101001001001011000000110
10101111011100111100000111110010
10100110000100100001111100000111
10010000000101010111110110000101
01000100011010101001110110100100
01010100100000111001111110100110
00110000110011101010000011010010
11001001101110110111111111000111
01111100100011011111011010000111
01100011001011001010111110010010
10000111011100000101111100100001
00110101100101011111101000110100
10000101011111011110000101100111
01100000011010101111100001100111
00111010010101010011011001000011
01101001110111111011100111100010
01111100100011011111011010000111
01100011001011001010111110010010
01010110000001001011001110110101
10101011001111100111100000100010
00111000100000100000111000000000
11100011011110100001001001110111
00100111101000110110111000010011
01010100100000111001111110100110
10011000101111000110110010000000
10100001110110011000100001000001
11011101010110000000011000000001
00101010010111011100111101010100
00111111110011010110011011110100
11000001110110010110010010010011
01110111010101000010010101010001
11100101101000110001010000010111
00100111001000000000000101010110
01010100100000111001111110100110
11111101110110101000011110000010
10101111011100111100000111110010
11100101111110100010110110010010
00000110101001001001011000000110
10100000010010011101001010010100
00101000111100011110010110110010
11110100000101011011001100000000
00000110101001001001011000000110
10110000100110100111111010110100
00011010001111011110000011100001
11001110110111110010110011100110
11101100011100110001100000110101
01100110100010000000000000110001
01110010100001101110100101010111
10100010111011110011000111110011
11101010111011000011010010100101
01111100001000101111101111010110
10111000100111111001111110010000
10111000011010000000101010110011
00111000100000100000111000000000
00011100101100000011100000110011
10010110111001110100011010000110
00101110110100001101100100000011
01100011011010001101100000100011
11110110110101101101001011110101
11011000101111001011010100010011
10000101011111011110000101100111
11111000011011000010100110100001
01001011000010001100100100000011
01000101010100011100110001100110
00100010111111101110111010100010
00000111011101001110101110100011
11111000011011000010100110100001
01100100111110101011001100000101
10000101011111011110000101100111
10010110000100110101000010000001
01101001110111111011100111100010
10100000010010011101001010010100
11100101100101111010010001100110
01010100100000111001111110100110
11001100010101101101110001010101
10110110010101110101011010000110
00011110010001111001110101100000
10010111000000010000000000100000
11111000011011000010100110100001
10000111001100110101001011110011
11110111011010011010111011100001
01101000101011011010111111100111
01001101000110011100100101010110
11000101000010101000011111000101
11110011110100001110010101100001
11111011100110100110011011110100
00000110101001001001011000000110
00101110110100001101100100000011
11000010001011101101011100000011
01010100100000111001111110100110
10111000100111111001111110010000
00100100101011010110110101110010
10000110010111111011000000000110
01101001110111111011100111100010
01110010101110110111011110000111
00010000000111101001111010000000
01100000011010101111100001100111
00110111010011011101000101000011
11101011000110110111111000000011
10000101011111011110000101100111
11010000101111110000110101010000
00000110101001001001011000000110
01100101101110111010001100100110
00000110101001001001011000000110
00000100001000110100101000010111
00000110101001001001011000000110
10100000110110101000001110100110
00000110101001001001011000000110
10101111011100111100000111110010
11011011111000110000000011010111
10000101100010100110100101100011
00000110101001001001011000000110
11110110000101010001010000110101
11111000011011000010100110100001
11011110101011110010100110100100
11111100101101100110111101100100
11110110000000000110101000110010
11100001100001100111111111100100
01110010101110110111011110000111
00010000000111101001111010000000
00111100110110011111111001000100
11000101000010101000011111000101
10011100111011010010001010010100
01010100100000111001111110100110
11100110011000001001000111100010
00101110110100001101100100000011
01111101101000011110111100000110
01100000011010101111100001100111
00011011010001111000111001000110
11001001101110110111111111000111
10000101011111011110000101100111
11111000011011000010100110100001
01000011111101111000001000000010
01111100011110001110101100110001
01010100100000111001111110100110
11001110000110101000100101110110
11100101011110010000100100110101
00101010010111011100111101010100
10110000100110100111111010110100
00000001000001011100000111110111
11011101010110000000011000000001
11100101000000000100001010100100
11110111011010011010111011100001
11100101000000000100001010100100
10000101011111011110000101100111
00001000000111010100101110110100
00100110000000100000110010000011
11010010110000001010010101010001
00011110010001111001110101100000
00000110101001001001011000000110
11100110001010010001010110100111
10010110111001110100011010000110
00101110110100001101100100000011
11100001100001100111111111100100
10000100100001000000110110000000
01100001111101001001101000010000
01111100111011010110011010110001
11110110000000000110101000110010
11000111101010111000111010100101
01111100100011011111011010000111
10011101010101101011101010000011
10000101011111011110000101100111
10001000110010111111100110000100
00011010001111011110000011100001
11001110010100111001110100110100
01101000101011011010111111100111
01011000010111100011001001110001
00000110101001001001011000000110
01111100111011010110011010110001
00101110110100001101100100000011
01001000110010100101010101010001
11010011110100011001110000100000
01111100111011010110011010110001
00000001110001111101000001110000
10100010111011110011000111110011
00101101110110111011010000010111
10001110010111001101000111010001
10110011001100100010001001000001
10010110111001110100011010000110
00101110110100001101100100000011
01111100000011110110011100100100
00011110010001111001110101100000
11110100000101011011001100000000
00000110101001001001011000000110
10101111011100111100000111110010
01000010100010001111111011000100
10110110010101110101011010000110
11001101010010110110000001010001
01101000101011011010111111100111
00100010101101011000100010110001
11001001101110110111111111000111
10000101011111011110000101100111
11111000011011000010100110100001
11000101111011001111101001000011
00011110111110101000011010010000
01111100111011010110011010110001
01111100111011010110011010110001
11001110010100111001110100110100
01101010011010101110111011100000
10001110010111001101000111010001
00101111000100110011001010000011
11000101000010101000011111000101
01101000101011011010111111100111
11010101100101011110101010000010
00000110101001001001011000000110
01111100111011010110011010110001
01100000011010101111100001100111
00110011111111101001010100110000
01001000110010100101010101010001
01111100111011010110011010110001
00100011001010010101100011110000
01111100111011010110011010110001
00101110110100001101100100000011
01011010110111011101100000000001
01011001101110000100001100010101
10101111011100111100000111110010
10000000100001001111110011000110
00011110010001111001110101100000
01010100100000111001111110100110
01100000011010101111100001100111
01011101010100001111101100000001
10000101011111011110000101100111
00010101011100000011001000110000
10101111011100111100000111110010
10111110111000100100100001100001
10010110111001110100011010000110
10100010111011110011000111110011
00111111110011010110011011110100
10001001100000010010000111100001
10011100111011010010001010010100
10100000010010011101001010010100
00101000111100011110010110110010
01010100100000111001111110100110
11001101010010110110000001010001
10010100100110101101010011110110
11111000011011000010100110100001
00011110111110101000011010010000
01100011100101010010011000110000
10000101011111011110000101100111
11111000011011000010100110100001
01111100000110110100010110010110
10101110110101000110000011100111
01101001110111111011100111100010
10101110110101000110000011100111
00000110101001001001011000000110
11110110000000000110101000110010
10110000100110100111111010110100
10101011100011000001110111110001
10100110000011111001001011100111
00101110110100001101100100000011
10101010011011100110100010000011
11111100101101100110111101100100
00101110110100001101100100000011
01001101110100101100010011010100
00000111001011011010100101000100
11110110000101010001010000110101
10100000010010011101001010010100
00011011101000010010001110110110
10011110010011111100010110110000
10000101011111011110000101100111
00010010001011110011110010100111
10000011101111100101100011010110
10110101111110010110011010110100
10000011101111100101100011010110
11111000011011000010100110100001
11001100111111000111101010100011
00011011101000010010001110110110
01111100110100111000000101010010
01111100100011011111011010000111
00100111001000000000000101010110
01011101110100000010011000000100
11011101010110000000011000000001
10100010111011110011000111110011
11110101001100000000011001000111
10000101011111100110001100000110
11111000011011000010100110100001
11111101011001001010110011010011
01000011111101111000001000000010
01111100100011011111011010000111
00110000000000110011001100010001
01110110101000100110100000000101
00011001010000011001000011000001
10100011101110010010011111010001
00001110110101011111000100010110
11011010000000000010001011110110
11110010101010101011011110100011
11001101101011110010110000100100
11111011111000011001001100100000
11111000011011000010100110100001
10010101011111010110000110110101
00000110101001001001011000000110
10101111011100111100000111110010
01100011101001110000011100110101
00011100110010111110010100010101
01010100100000111001111110100110
01010000010011011111101100100100
11111000011011000010100110100001
11100010010110010001111110010111
00100001001100101011011011110011
11001110010100111001110100110100
01101000101011011010111111100111
01011000010111100011001001110001
00011100110010111110010100010101
01010100100000111001111110100110
11011101111001001011100100110001
00111110110011100101101001010100
01100000011010101111100001100111
01001110011011101010010110000001
10010010010100101010000000000100
01010100100000111001111110100110
11000011001001110011111111000001
11111101100110001110011010100101
01111111110000111011100011010001
00000110101001001001011000000110
10101111011100111100000111110010
11110110000000000110101000110010
11010111011001110110011000100110
01011100001110110001010100000000
11111000011011000010100110100001
11001110001110101100110100010000
11010001011101000111011100010011
10000101011111011110000101100111
11000001000101001001100110010101
00101110110100001101100100000011
00111111110011010110011011110100
10111000011010000000101010110011
10000110010111111011000000000110
01010100100000111001111110100110
00000110101001001001011000000110
10101111011100111100000111110010
11111000011011000010100110100001
00101010011101111101010001000111
01111100110100111000000101010010
11100101011110010000100100110101
01010100100000111001111110100110
00110000111111101010101010010111
01101001110111111011100111100010
10110011111000111101000101000101
11111000011011000010100110100001
11100011110111110000111101000001
00001000000001110011011100100101
10010101101011011111111000000110
10000101011111011110000101100111
01110000010001100101000000100110
00101110110100001101100100000011
00111111110011010110011011110100
10111000011010000000101010110011
11000110011001110101111000110010
01111100110100111000000101010010
01111100100011011111011010000111
00101111000100110011001010000011
01011101110100000010011000000100
00101110110100001101100100000011
11101010111011000011010010100101
10111000100111111001111110010000
10111000011010000000101010110011
01000110110010101110001100110101
01010100100000111001111110100110
01011111111011011101111100110010
01100000011010101111100001100111
11000101111011001111101001000011
11001001101110110111111111000111
10000101011111011110000101100111
11110011110100001110010101100001
10000101011111011110000101100111
11111000011011000010100110100001
01001101001001110001110111000100
00000110101001001001011000000110
01100110100010000000000000110001
10011111101010111001010101110111
11100001100001100111111111100100
00111111011001101001000101100110
01111100001000101111101111010110
01111100100011011111011010000111
00101111000100110011001010000011
01011101110100000010011000000100
00101110110100001101100100000011
11000100110011111001001011010010
11110110000101010001010000110101
10000011101111100101100011010110
01111100000111100101011010110001
10000011101111100101100011010110
00101110110100001101100100000011
11110101001100000000011001000111
11111100010001101010100010110011
01010100100000111001111110100110
10100000010010011101001010010100
01100110000000010101010101100011
10000101011111011110000101100111
01001010010101001011000100010101
10101111011100111100000111110010
01110111011101010001010010110001
00000110101001001001011000000110
10101111011100111100000111110010
11111001010001010000011101010000
01001011000010001100100100000011
01000111010010011001000110100000
00110011111001010100100010110111
00000100100100000101111001100001
11111000011011000010100110100001
10001101011110011000000000010111
01010101101111001111110111010000
00000110101001001001011000000110
00110001111100110100010101010100
01010100100000111001111110100110
11000011001100010001100010110010
11111000011011000010100110100001
00000001000001011100000111110111
01100100000111110001010111000100
11000010001011110000100101100000
01111100111011010110011010110001
11100101011110010000100100110101
00111101001110010010110000100101
10100010111011110011000111110011
10111000101010111110101111000001
00110100011010011011001100010110
01111100111011010110011010110001
01111100100011011111011010000111
10110100001100010001000101100111
11011010100101001000000011000001
01101000001011110110111011000001
00101110110100001101100100000011
11010010110000001010010101010001
00111010100001000001010000010011
00000100100100000101111001100001
01111100100011011111011010000111
11000011001100010001100010110010
11111100101101100110111101100100
11010010110000001010010101010001
10000011101111100101100011010110
10010110111001110100011010000110
10100010111011110011000111110011
00111111110011010110011011110100
10111000011010000000101010110011
01011111010110110111011001110010
00000110101001001001011000000110
01111100001000101111101111010110
11101100100111001100101101100101
00000110101001001001011000000110
10101111011100111100000111110010
10010011001000011110100101110111
00101111000100110011001010000011
10011011011010000010100110100110
11100010110111101111000011000110
10100000011000101110100101100101
00000110101001001001011000000110
01100000011010101111100001100111
11100000100101111000000101010001
00111001001010000010110000000000
01101001110111111011100111100010
11010110000101100100111100110100
01110111010101000010010101010001
10110101010001011111000000100101
00000110101001001001011000000110
11100101111110100010110110010010
10100101100001000110110010010010
11001001101110110111111111000111
10000101011111011110000101100111
10011110011101011101101000110011
11000111011000100110111010000111
01101001110111111011100111100010
00110110011111111101001111110111
01010110001000010000111110110011
01111100111011010110011010110001
01100011000011010011010100100111
00000110101001001001011000000110
01111100111011010110011010110001
00101110110100001101100100000011
01001000110010100101010101010001
01111100111011010110011010110001
01100110101001100101101110110011
01000011011000100111010110100010
10011100111011010010001010010100
10100010111011110011000111110011
01001101110100101100010011010100
00011110011111011000010111110110
10100111000001011100101110110011
01101001110111111011100111100010
11110110000000000110101000110010
00000110101001001001011000000110
00011110010110111101011001110001
10010100000010010000010101000101
11100001110001100100100010010100
10000010100100100011100111000001
01111100110100111000000101010010
11111000011011000010100110100001
10011111101111000011111011110101
01001011110101100111101010000000
11000111101010111000111010100101
11001010110100101101000010000101
00011011101111011000101000010100
00110100011010011011001100010110
01111100111011010110011010110001
10100000011000101110100101100101
01110101010010100001100100010111
01111100111011010110011010110001
00000100001110110100101001010111
00111010001111001010001000010100
00101110110100001101100100000011
01111110100110101011011001000001
11001010110100101101000010000101
11001110010100111001110100110100
01111100111011010110011010110001
01111100100011011111011010000111
00110100010001111101100111110110
01100110100010000000000000110001
00000110110001100001001001000011
11011010100101001000000011000001
11100101101000110001010000010111
11111000011011000010100110100001
01000011111101111000001000000010
10101100000110111100011011010000
11011101010110000000011000000001
01111100111011010110011010110001
00011011101111011000101000010100
11001011101110100001111011000111
01111100111011010110011010110001
10101111011100111100000111110010
10100000011000101110100101100101
01111001100010100000111100110000
10000110010111111011000000000110
00000110101001001001011000000110
01010100111001000110010010000100
11101001111010011100001110010101
01101001110111111011100111100010
00110110011111111101001111110111
01010110001000010000111110110011
01010100100000111001111110100110
11011010101101100000110001000110
11111000011011000010100110100001
00110000110011101010000011010010
10000101011111011110000101100111
01100101110111100001000010100110
11001010110100101101000010000101
10101110111000011101101000110100
01110000100011001110110111000011
01010100100000111001111110100110
10110010100001000000110111000101
01101001110111111011100111100010
01111100100011011111011010000111
11011100111010001011110110110100
11011000000111001111010011100000
01111100111011010110011010110001
00010001110110000010000001110100
10010100000010010000010101000101
10111000101010111110101111000001
00000110101001001001011000000110
10011010001000011010100100000000
00000110101001001001011000000110
01111100111011010110011010110001
01001110000011011100110111100100
01001000110010100101010101010001
01111100111011010110011010110001
11000001000001010010011001000111
10111000011010000000101010110011
00111111011110000101010101000101
00111001011110001111001001000100
11001010110100101101000010000101
11000010001011110000100101100000
01111100111011010110011010110001
01111100111011010110011010110001
11111000011011000010100110100001
10011000110100001011000010110000
00010001110110000010000001110100
00000110101001001001011000000110
01111100111011010110011010110001
00101110110100001101100100000011
01001000110010100101010101010001
01111100111011010110011010110001
00000100001110110100101001010111
10000010100100100011100111000001
01010100011011000011000111010000
11100101111110100010110110010010
11011101010110000000011000000001
10100001001111000010101011000000
10010010010101010110111101100011
01010100100000111001111110100110
01110100111100111101010111000001
01101001110111111011100111100010
00011011101111011000101000010100
00011001010000011001000011000001
11111010000000101011000110010110
10000110010111111011000000000110
11110110000000000110101000110010
01111100111011010110011010110001
01111100111011010110011010110001
01000111110001100011111110110001
11001010110100101101000010000101
00000110101001001001011000000110
10011010001000011010100100000000
01111100111011010110011010110001
01001110000011011100110111100100
01011000011110010101101011000100
00000110101001001001011000000110
11000001110110010110010010010011
11100010000111001111001110010111
10011000010111011100111000000110
11111000011011000010100110100001
01000011111101111000001000000010
11111000011011000010100110100001
00011001001101110011101000100101
10010010001011100000001110100001
01111100110100111000000101010010
11111000011011000010100110100001
10110110100111010001100001100111
10101010110100000010110111100100
00101101110000110100000111010101
01110010101110110111011110000111
10011110011110010010010010110010
00000110101001001001011000000110
10101110110101000110000011100111
00111000100000100000111000000000
11011000101111001001010000010101
10001101011000010111001001100010
11111100101101100110111101100100
10100000011000101110100101100101
00111111110011010110011011110100
00000110101001001001011000000110
10010110111001110100011010000110
01011011110110110000111001010000
00000110101001001001011000000110
11110000010110001110011011100101
10100000010010011101001010010100
11101001111010011100001110010101
01110010101110110111011110000111
11111011000100110101010100110111
00100010001101110110011111010011
01101001110111111011100111100010
11111000011011000010100110100001
00100010010011100000010111100100
10000101011111011110000101100111
11111000011011000010100110100001
01001011000010001100100100000011
01100011001011001010111110010010
00100010111111101110111010100010
00010000000111101001111010000000
00101110110100001101100100000011
00111111110011010110011011110100
00000110101001001001011000000110
10101111011100111100000111110010
00101101110110111011010000010111
00001001111010000010111011100011
11111001010001010000011101010000
00001011001001100000000100100001
10000011101111100101100011010110
10110100110001100101000110100111
01010100100000111001111110100110
10001110000010011011110000000101
11110110000101010001010000110101
00101110110100001101100100000011
00111111110011010110011011110100
01110110000100111101001001010010
10100110000011111001001011100111
00101110110100001101100100000011
11100001100001100111111111100100
11010100001010100001111001000111
11111100101101100110111101100100
00101110110100001101100100000011
11100001100001100111111111100100
01001100100011000111011011100010
10000110010111111011000000000110
11110110000101010001010000110101
00010010001011110011110010100111
00100100000000101111111011010110
11111001010001010000011101010000
10101111011100111100000111110010
10100000000000011000110101000101
11100100111110111111110101110110
00001110110101011111000100010110
10110011010001110110111100100111
11001001000011111011010001000000
00000110101001001001011000000110
00011110010110111101011001110001
00101110110100001101100100000011
00111111110011010110011011110100
11111111111001001101000010100101
10000110010111111011000000000110
11101010001000111000000111010000
01010100100000111001111110100110
10100001101011011110111111110011
01111100100011011111011010000111
11010001111101001100101110100100
00011001011011111011110001000100
10000011101111100101100011010110
10100000010010011101001010010100
11101110100101000110011100010100
01101001110111111011100111100010
01111100100011011111011010000111
10110101010101100100001001110001
01100100001100011010011111000101
00000110100000111001000001100110
11001100000100010001000010010000
01101001110111111011100111100010
11111000011011000010100110100001
11101001110110000101110111000011
00000110101001001001011000000110
01100110100010000000000000110001
11110110011110011100101011100111
01100000011010101111100001100111
11000110111001010111110110100111
00111111110011010110011011110100
01110111010101000010010101010001
11110110000101010001010000110101
10011100111011010010001010010100
00000110101001001001011000000110
10101111011100111100000111110010
10100010111011110011000111110011
11100001100001100111111111100100
01011100001110110001010100000000
01111100100011011111011010000111
11000000011010010010000111010001
10000101011111011110000101100111
00011001010000011001000011000001
11101111110100111110000100100111
00100001001100101011011011110011
01110110000100111101001001010010
11111100101101100110111101100100
00101110110100001101100100000011
11100001100001100111111111100100
01100110001111010001010010100101
11111000011011000010100110100001
10111101110001101000101011110110
01010100100000111001111110100110
10101000110001110011010101100100
01101001110111111011100111100010
01111100110100111000000101010010
11110011110100001110010101100001
10101100001100010101011010110110
01011010010011110011001000000110
00100101000010110111011010010111
10000101011111011110000101100111
10110110000001101011000111010011
10110100000100100100010011010100
10100011010100111100101100100111
00000000101101100100100100000100
00000110101001001001011000000110
01100110001111010001010010100101
10000011101111100101100011010110
00101110110100001101100100000011
11100001100001100111111111100100
00000000101000000100101011110000
11011101110010010010010101000000
01101001110111111011100111100010
10101111011100111100000111110010
00111111000001100100010110100010
10011100110111011001110101010111
01010100100000111001111110100110
11001011000011101001101101010001
10110011011010001011010010010110
11010110000000110111000100010111
00010010110010111111111001100101
11111000011011000010100110100001
00100110001010000010110111100111
00000110101001001001011000000110
01111100100011011111011010000111
00111110011011010000111001110000
11000101000010101000011111000101
01111100100011011111011010000111
00010101010100111011001101000100
10100100011100111001000111010101
11101001000011001010110001110111
11111110111101001101110101010111
00000100100100000101111001100001
01111100100011011111011010000111
11000000111000110111001101110011
01100001001101001101001010110101
11011010000000000010001011110110
10011111101010111001010101110111
01101001110111111011100111100010
01011000010111100011001001110001
10011010010110101011111011110011
00100001001100101011011011110011
00011100000001110111001111000010
11111100101101100110111101100100
00101110110100001101100100000011
11100001100001100111111111100100
01100110001111010001010010100101
11111000011011000010100110100001
10111101110001101000101011110110
01010100100000111001111110100110
00100001111111111110001000000110
11011001010010111100000000100001
11100101101000110001010000010111
11111000011011000010100110100001
01011110000110011001010101100010
10100001001111110100100010110010
01010100100000111001111110100110
01110000010001100101000000100110
11101010110011010001001010110110
11100001100001100111111111100100
00100110101001110010011111110001
01010100100000111001111110100110
10001110010111001101000111010001
11011100010100001100000111110001
00000110101001001001011000000110
10101111011100111100000111110010
11100101101000110001010000010111
11000001110110010110010010010011
01111100110100111000000101010010
00101010010111011100111101010100
00111111110011010110011011110100
11111110001111111111101101010001
01110010100001101110100101010111
01001100100000010101011000100101
00101110110100001101100100000011
00100100101011010110110101110010
10000110010111111011000000000110
00000110101001001001011000000110
11101000110110101011001000100011
01111100100011011111011010000111
01110000110101101000011101100111
10000101011111011110000101100111
00010110111110110100000100010011
10000101011111011110000101100111
11011010111101001011001001000001
00000110101001001001011000000110
01101001110111111011100111100010
11111000011011000010100110100001
01010011101011110100110110110101
10000101011111011110000101100111
01111100100011011111011010000111
10010111000110100111100011110101
01101101111111001100111010000000
01100001001101001101001010110101
11100101111110100010110110010010
00000110101001001001011000000110
11110110000101010001010000110101
11111000011011000010100110100001
01100100111110101011001100000101
10000101011111011110000101100111
10010110000100110101000010000001
11100000111100001010010011010001
00011110010001111001110101100000
10010111000000010000000000100000
11111000011011000010100110100001
10000111001100110101001011110011
00000110101001001001011000000110
10101111011100111100000111110010
00011001011011111011110001000100
01101001110111111011100111100010
11111000011011000010100110100001
10110010000011101110111110100000
00011110010001111001110101100000
01010100100000111001111110100110
11010111010110101001000001000000
01110000100011001110110111000011
01010110110001111110010001100010
00000110101001001001011000000110
00101110110100001101100100000011
11100001100001100111111111100100
10100101100001000110110010010010
01000011111010000111010001100001
01010100100000111001111110100110
11101110101011001000001100010001
01111100100011011111011010000111
11001100101010010011111011010111
00000011010101010000100000010101
10010100000010010000010101000101
00111111110011010110011011110100
11011000001100010111111001000110
10000110010111111011000000000110
10101110110101000110000011100111
11111000011011000010100110100001
10010010001000001011001111000101
01011010100010010100111111100100
11111001010001010000011101010000
01010100011011000011000111010000
00000110101001001001011000000110
10101111011100111100000111110010
10000011101111100101100011010110
10101100000110100001101011100101
10000011101111100101100011010110
11011111011111000001001101000101
00111111110011010110011011110100
01010000010001100101101011110010
11001001101110110111111111000111
10011110101111010101011100000111
01001011000010001100100100000011
10011111101101110010111100110100
10010100000010010000010101000101
00101101110110111011010000010111
10001110010111001101000111010001
00110001111100110100010101010100
01010100100000111001111110100110
10001000111011111101110010100001
10100010111011110011000111110011
00101101110110111011010000010111
10111000100111111001111110010000
10111000011010000000101010110011
00111111011110000101010101000101
01010100100000111001111110100110
10001101011101100101100101010000
01111100100011011111011010000111
11110111100010000000110101000100
10010101110000100000101011100101
00011001011011111011110001000100
01100010000110001100110010110000
11111001010001010000011101010000
11111000011011000010100110100001
00001110100110011010011010000101
00000110101001001001011000000110
01100110100010000000000000110001
00101110110100001101100100000011
11100001100001100111111111100100
10101110110101000110000011100111
00111000100000100000111000000000
11011000101111001001010000010101
10001101011000010111001001100010
11111100101101100110111101100100
10010110111001110100011010000110
00101110110100001101100100000011
00001011101101110101101001000100
11110110000000000110101000110010
11000101000010101000011111000101
01110111010111011001001000100000
01111110111010010010010001010101
10000101011111011110000101100111
00011001010000011001000011000001
11000001110110010110010010010011
11010111010110101001000001000000
11100001100001100111111111100100
11110011000001110001011001000010
01010100100000111001111110100110
01010000110011111111101011000000
10000110010111111011000000000110
10101111011100111100000111110010
01101100110011010100100010010110
01011010110110011101100011000011
00111111000001100100010110100010
11010000111001011010100011000111
00000110101001001001011000000110
01100110001111010001010010100101
10000011101111100101100011010110
10100010111011110011000111110011
00111111110011010110011011110100
11111000011011000010100110100001
01001011000010001100100100000011
01001010011110010000111100100001
10101011100011000001110111110001
10010100000010010000010101000101
00111111110011010110011011110100
10011011110101001110110100110011
01111100100011011111011010000111
00000011010101010000100000010101
00011110010110111101011001110001
00000110101001001001011000000110
00101110110100001101100100000011
11001100010111001111100011110010
11000101000010101000011111000101
01010100011011000011000111010000
00000110101001001001011000000110
10101111011100111100000111110010
11111000011011000010100110100001
01110111011000001000001011000010
10000101011111011110000101100111
01111100100011011111011010000111
01100011001011001010111110010010
00100010111111101110111010100010
11010000111001011010100011000111
11100101101000110001010000010111
11111000011011000010100110100001
00111100110110011111111001000100
11101011111011001101111010100010
10000101011111011110000101100111
11100001100100111011101011100011
11110110000101010001010000110101
11111000011011000010100110100001
01001101000110011100100101010110
10010111000000010000000000100000
00101110110100001101100100000011
11100001100001100111111111100100
01111100100011011111011010000111
01001001110100100110010000000001
11101001001111000001100100110110
11000010001011110000100101100000
00000110101001001001011000000110
10101111011100111100000111110010
10011110101111010101011100000111
11110110000101010001010000110101
01111100100011011111011010000111
01010101111001001010111110110000
10000101011111011110000101100111
11111110011010011010111010010011
01111100100011011111011010000111
11100001000101111110110000100010
00001110010101111010001000100111
00010001000111011111110000010010
10000101011111011110000101100111
01111100100011011111011010000111
11001111101001011010000000000101
11110010000010000000011100100100
01101001110111111011100111100010
10101111101100101110000011000110
00010000101001000000010011110110
11011100101001100111101001010100
00101110101101011011001000010001
10010110111001110100011010000110
11111000011011000010100110100001
00010000111010110011110100100001
01110110000100111101001001010010
11111100101101100110111101100100
01100000011010101111100001100111
11000110101111111101100110000011
11100001100001100111111111100100
11111011101011001010110000110100
01101001110111111011100111100010
11111000011011000010100110100001
00011110111110101000011010010000
10011110011101011101101000110011
00000110101001001001011000000110
10101111011100111100000111110010
11111100101101100110111101100100
01100000011010101111100001100111
11101110101011001000001100010001
01000011110011011110110100110001
01111100100011011111011010000111
10000011110110011111010000010011
11111001010001010000011101010000
01000001010101110000101001110110
01010100010011000000100100110100
11111000011011000010100110100001
10010111000000101010100000100111
01101001110111111011100111100010
11111000011011000010100110100001
01111010010011011000000001010010
10000101011111011110000101100111
10100000010010011101001010010100
00101111101110110001110011110001
11100100111110111111110101110110
01100001000101010110100000000011
11100001100001100111111111100100
01111100001000101111101111010110
11011101000001100100001011100101
01100000111100110001010001110001
10000101011111011110000101100111
01111100100011011111011010000111
10100100101100000101010010000110
11111110001101111010111110100110
00000110101001001001011000000110
00101110110100001101100100000011
00111111110011010110011011110100
01100000011010101111100001100111
11110110001110111000001111010010
11100100111110111111110101110110
11111000011011000010100110100001
10001011011001101011100011100011
10000101011111011110000101100111
11110111010011001101111001010100
10000101011111011110000101100111
11111101111101101011110101100010
00101010010111011100111101010100
10100001101000011100001000010010
00000110101001001001011000000110
01100110100010000000000000110001
11111100101101100110111101100100
11111011101100100010110110010100
00000101000111001110100101100110
00000101001101000101010110100110
10011100111011010010001010010100
11011010000000000010001011110110
00101110110100001101100100000011
11100001100001100111111111100100
11101101101101001101100001110111
01011101111011100011001011010101
01100110001111010001010010100101
01010100100000111001111110100110
10001110010111001101000111010001
00101110000010110100101000010110
01010100100000111001111110100110
10001000110010111111100110000100
01110000100011001110110111000011
01000001010101110000101001110110
01010100010011000000100100110100
00000110101001001001011000000110
01111100100011011111011010000111
01100001001101001101001010110101
11100001100001100111111111100100
01111100100011011111011010000111
01010101111001001010111110110000
01010100100000111001111110100110
00001110010011101110010000110110
11010110000000110111000100010111
01111100110100111000000101010010
01111100100011011111011010000111
11110101100100100000110000100011
10100101100001000110110010010010
11001010101101110111011111110111
10101111011100111100000111110010
00111110110110111011111110000000
01111100100011011111011010000111
00100011011011111001010010100100
11011010000000000010001011110110
01010100100000111001111110100110
10001111100001011010100001010110
01110000100011001110110111000011
10011100111011010010001010010100
00000110101001001001011000000110
01111100100011011111011010000111
01100001001101001101001010110101
11100001100001100111111111100100
01111100100011011111011010000111
01000001100010111001001100100000
00101001010101101111000110100100
01101001110111111011100111100010
11111000011011000010100110100001
01111010010011011000000001010010
10000101011111011110000101100111
01110000010001100101000000100110
11001010110100101101000010000101
11101010111011000011010010100101
10101110110101000110000011100111
00111000100000100000111000000000
10001100101100000111011001010110
10001110010111001101000111010001
01011100010111001110100101110111
10010110111001110100011010000110
11001010110100101101000010000101
11100001010110100111101111110111
01001011000011100001001011100110
00000110101001001001011000000110
10101111110100110111001111010010
10010110111001110100011010000110
10000001010101010001100101100011
00001000100000110101010110000001
10110010111110110010001110010101
11001001101110110111111111000111
10011111101010111001010101110111
00111111110011010110011011110100
10111000011010000000101010110011
11111000011011000010100110100001
10001000010110101001011111010101
11010010010100100100000111100001
10000101011111011110000101100111
11111000011011000010100110100001
11010001011101000111011100010011
01110000010001100101000000100110
00100100101011010110110101110010
11110110000101010001010000110101
01100000011010101111100001100111
01111001011111100111010101100111
01111100100011011111011010000111
10000011110110011111010000010011
11111001010001010000011101010000
01010100010011000000100100110100
11110111011010011010111011100001
01001110000011011100110111100100
11101000011110110011010101100110
00010110101100110001010011000001
11101001101110010101111111000011
10000010100100100011100111000001
01111100110100111000000101010010
01111100100011011111011010000111
10010000100101110000100000100100
00001110010011101110010000110110
11111100101101100110111101100100
01010011011011110100101011100010
01100000011010101111100001100111
01101111000111101011010101110000
01111000110001001110101000000001
10100110000011111001001011100111
11111000011011000010100110100001
01011101101001110010001110010001
00011110011010111101100011100011
11110111100010000000110101000100
01001110000011011100110111100100
11100001100001100111111111100100
11010000111001011010100011000111
11011010000000000010001011110110
00101110110100001101100100000011
00111111110011010110011011110100
10111000011010000000101010110011
10100000000000011000110101000101
11100100111110111111110101110110
01111100100011011111011010000111
11000111010111010001000000110100
01101001110111111011100111100010
11111000011011000010100110100001
11111101111100011100001010000001
01110000010001100101000000100110
01000001111011100110110100010010
11111100101101100110111101100100
00000110101001001001011000000110
00110110011001011111011110000110
11110110000101010001010000110101
11101101101101001101100001110111
01111100100011011111011010000111
01100011001011001010111110010010
00011001001101110011101000100101
10001000110010111111100110000100
00000110101001001001011000000110
10101111011100111100000111110010
00111111110011010110011011110100
01111100001000101111101111010110
10111000011010000000101010110011
10010111000110100111100011110101
01010110100100101010110111010001
11100100111110111111110101110110
10100010111011110011000111110011
11100011011110100001001001110111
11111000011011000010100110100001
10011000110100001011000010110000
01100010110100001110100100010010
01111100100011011111011010000111
01100100001100011010011111000101
11110100000101011011001100000000
00000110101001001001011000000110
10101111011100111100000111110010
00101110110100001101100100000011
00111111110011010110011011110100
00100100101011010110110101110010
10000110010111111011000000000110
00010111000000011111100001000000
01010100100000111001111110100110
11101101101111010101000011000111
01111100100011011111011010000111
00010011111001111000001110100000
01101011101001111001010100110101
01011101101001110010001110010001
11111100101101100110111101100100
11010010110000001010010101010001
10000011101111100101100011010110
10010110111001110100011010000110
10100010111011110011000111110011
11011100011010110000010011010001
01011010110110011101100011000011
11100100111110111111110101110110
01111100100011011111011010000111
11010100101000011001011100110010
01010100100000111001111110100110
10011110101111010101011100000111
10010100000010010000010101000101
10110000100110100111111010110100
01110010101110110111011110000111
10101111110100110111001111010010
11001100101001111011000011100001
11001110111101111001001100110011
11001001101110110111111111000111
01001100100000010101011000100101
00100001001100101011011011110011
10010111000110100111100011110101
01010001110011101111010110000000
01011001101010110001110001000011
01101001110111111011100111100010
11111000011011000010100110100001
11001011110100010010001011100111
01001010010001110100001001000011
01111100010101101000010100100010
10101111011100111100000111110010
00011100110010111110010100010101
11110000101001101110100011100010
11001001101110110111111111000111
01001010101011100100110010110011
00011110111110101000011010010000
11101110100100100000010101000101
01110010101110110111011110000111
10101111110100110111001111010010
11001100101001111011000011100001
10011100001011100111111100100101
00110111011010110101111000000101
10011111101010111001010101110111
10101110111000011101101000110100
10111000100111111001111110010000
10111000011010000000101010110011
11101101101101001101100001110111
00011110010110111101011001110001
00100111001000000000000101010110
10010110111001110100011010000110
01001110000011011100110111100100
00111111110011010110011011110100
10111000011010000000101010110011
10000110010111111011000000000110
01101011101001111001010100110101
10101010100010100111100100110100
00101001001010010101001110000001
01110000100011001110110111000011
11111000011011000010100110100001
11100110101111110010010001110110
00101110110100001101100100000011
11100001100001100111111111100100
10111101111100101111110101100000
01010100100000111001111110100110
10001110010111001101000111010001
11110110000101010001010000110101
00000110101001001001011000000110
01100110100010000000000000110001
00001100100000001101010000010001
00101110110100001101100100000011
11100001100001100111111111100100
01101001110111111011100111100010
00001110010011101110010000110110
10000101011111011110000101100111
11001111010010100111101111100101
11110001111100011000111001110000
01110000010001100101000000100110
00000110101001001001011000000110
11110110000101010001010000110101
11111000011011000010100110100001
00100010010111110101000010000010
01101010011010101110111011100000
01101001110111111011100111100010
11111000011011000010100110100001
01100100000111110001010111000100
00000110101001001001011000000110
11111011101100100010110110010100
10111000100111111001111110010000
11111000011011000010100110100001
01100010011000001110010110100010
10101111110100110111001111010010
11111000011011000010100110100001
01111001000011111100001111110010
10101111110100110111001111010010
11111000011011000010100110100001
00011011010000001010010000100110
00001101000100101010100101010011
01010100100000111001111110100110
00110101000001010111000000010101
00100001001100101011011011110011
10100110000100100001111100000111
11010010110000001010010101010001
10000011101111100101100011010110
10010110111001110100011010000110
01001110000011011100110111100100
00111111110011010110011011110100
10111000011010000000101010110011
01110001001111101000101110100110
00001110110101011111000100010110
01111100100011011111011010000111
01100010111100100111000111100110
11110110000101010001010000110101
01111100100011011111011010000111
00111000010010101101010011110010
01101001110111111011100111100010
10111010111101100110001111000001
11010100010001111010001100010011
00101110110100001101100100000011
00111111110011010110011011110100
11000111001001100010110011000001
10000010100100100011100111000001
10011000010111011100111000000110
00010111100110101000101100110100
11110110000101010001010000110101
01111100100011011111011010000111
11011101110001111110000101010100
01100100000101000101000110010100
11111100101101100110111101100100
00101110110100001101100100000011
00111111110011010110011011110100
01100110001111010001010010100101
00111111110011010110011011110100
01111100100011011111011010000111
10010111000110100111100011110101
00000110101001001001011000000110
10010111000110100111100011110101
00000110101001001001011000000110
00100111001000000000000101010110
00100001111100011011111101010111
00000110101001001001011000000110
10101111011100111100000111110010
00011001011011111011110001000100
10101100000110100001101011100101
00011100110010111110010100010101
01010100100000111001111110100110
01100010100101001011001100110000
11001100101001111011000011100001
00010000000111101001111010000000
00010101011010010111001010100001
11101111110100111110000100100111
10110100110001100101000110100111
01001110000011011100110111100100
00111111110011010110011011110100
11010000001101001010010110010100
01100000011010101111100001100111
00010101100110111000000110010010
00010100000101000100010101000100
00000110101001001001011000000110
11100011111000000001010011110010
10011100111011010010001010010100
10000000011100101101101000100011
11111000011011000010100110100001
00011011010001111000111001000110
10101001111101001111100010110000
00000000101101100100100100000100
01010100100000111001111110100110
11000110110110001010110101010011
01100000011010101111100001100111
11001100001001101110101100110100
10000010100100100011100111000001
00000110101001001001011000000110
11100000011001011001110100110111
10011100111011010010001010010100
01101001110111111011100111100010
11111000011011000010100110100001
10100100011101100010111001100001
11001000110000011100110110000010
00000110101001001001011000000110
10101111011100111100000111110010
01010100110111010010111101000010
10011100111011010010001010010100
10010100100110101101010011110110
11111000011011000010100110100001
11110000001000001111111001100100
00101110110100001101100100000011
10111111000000100011110110100101
10010111000000010000000000100000
00000110101001001001011000000110
00011000010100001101000001000100
11011101010110000000011000000001
01111100111011010110011010110001
11011000101111001001010000010101
00000110101001001001011000000110
11100101111110100010110110010010
00000100001110110100101001010111
11000101000010101000011111000101
10100010111011110011000111110011
01111100111011010110011010110001
11000101000010101000011111000101
11110011110100001110010101100001
11111011100110100110011011110100
00000110101001001001011000000110
00001110110101110110101100010110
00000110101001001001011000000110
01001110000011011100110111100100
11111011101100100010110110010100
00101000000111110001010111010110
10011100111011010010001010010100
10000010100100100011100111000001
11011010000000000010001011110110
00001100100000001101010000010001
01001110000011011100110111100100
01100110001111010001010010100101
01001000010111101110111011110010
10000011101111100101100011010110
10010110111001110100011010000110
01010100100000111001111110100110
01000001101100110100101100000000
11110110000000000110101000110010
11100001100001100111111111100100
10011111110000010000011000100101
00000010101011111011011011100010
00110110101110000111101110100110
00000101110010101010000110000100
00000110101001001001011000000110
10101111011100111100000111110010
10000000100001001111110011000110
10000010100100100011100111000001
01010100100000111001111110100110
10001001000101000111001001100001
10000110010111111011000000000110
00100001001100101011011011110011
00101110010010110001111000000110
11111001010001010000011101010000
10011111101010111001010101110111
01110000001011100010000010110011
00010110101100110001010011000001
10100101111100110111010101010000
00101111011100100100001011000011
10110010001010110011010100110001
00111101110001111010010110110101
10101111011100111100000111110010
01110010000111101000010100100111
11011000101111001011010100010011
10000101011111011110000101100111
01100000011010101111100001100111
10011101010101101011101010000011
00011110010001111001110101100000
01101001110111111011100111100010
01000110001001010100010110000110
00000110101001001001011000000110
11000011011010000100010100110111
11100101101000110001010000010111
01111100100011011111011010000111
01110001100000010011100101100100
10000101011111011110000101100111
01110001100010000111100001110011
10100110000100100001111100000111
01111001100010100000111100110000
01101000101011011010111111100111
11010000011100010110111010100001
10101111011100111100000111110010
10011010100111100001010111100100
10011100111011010010001010010100
00111111000001100100010110100010
00111100010101000101010100000011
00001000010000010011010100010000
00111110110011100101101001010100
10010100000010010000010101000101
01000100011010101001110110100100
01010100100000111001111110100110
00100110000110000000101000010101
01111100100011011111011010000111
10011010010001101110111111110000
00001110110101011111000100010110
01001010101011100100110010110011
01101001111001001110001100000001
00000110101001001001011000000110
01111100100011011111011010000111
11010101010011011001000011110001
00001110110101011111000100010110
01101000101011011010111111100111
01101001111001001110001100000001
00000110101001001001011000000110
10101111011100111100000111110010
11000001110110010110010010010011
01111100100011011111011010000111
10110001101100111100110110100110
10110001101100111100110110100110
10110001101100111100110110100110
10100101000101111111011100010010
00001110110101011111000100010110
01001010101011100100110010110011
01101001111001001110001100000001
00000110101001001001011000000110
01100110100010000000000000110001
11110101111110011111000001010010
10000101011111011110000101100111
01011010110110011101100011000011
11010010110000001010010101010001
01000010001011001000011101110000
10110101110011010010101110010000
00001110110101011111000100010110
11000001110110010110010010010011
00000110101001001001011000000110
00011110010110111101011001110001
10100010111011110011000111110011
11100001100001100111111111100100
11110110000101010001010000110101
01111100100011011111011010000111
00110000000000110011001100010001
00110101110100110010100100010100
11111100101101100110111101100100
00101110110100001101100100000011
10111011110101110101110110110001
10000110010111111011000000000110
11111000011011000010100110100001
00101111101011011100011010100011
01010100100000111001111110100110
11111000011011000010100110100001
10110001000101101111111010010110
01100010111100100111000111100110
10100110000011111001001011100111
10011101110010100101110111010010
00101110110100001101100100000011
11110100001110011011010010000100
01010100011011000011000111010000
11111000011011000010100110100001
10110001000101101111111010010110
01100010111100100111000111100110
11100001100001100111111111100100
01111100100011011111011010000111
10001110111001110110111100000010
10011011011010000010100110100110
10011110011101011101101000110011
00000110101001001001011000000110
01100110001111010001010010100101
10000010100100100011100111000001
11111000011011000010100110100001
10001100101001010000011111100010
11010101001001101100011101010110
11010100010111000110010110110000
01010100100000111001111110100110
11111000011011000010100110100001
11101001110110000101110111000011
00000110101001001001011000000110
10101111011100111100000111110010
11110110000101010001010000110101
01111100100011011111011010000111
00101111000100110011001010000011
00110110100111000000111101000011
10000101011111011110000101100111
11111000011011000010100110100001
01011110100110010011011100010001
01010100100000111001111110100110
11111000011011000010100110100001
11101001110110000101110111000011
10101111011100111100000111110010
11111000011011000010100110100001
10111011111011110110010001000011
01010100100000111001111110100110
11111000011011000010100110100001
01000001110111011001111100100010
00101110110100001101100100000011
00111111110011010110011011110100
00000111001110001011101100000111
10100010111011110011000111110011
01101001110111111011100111100010
01111100100011011111011010000111
11000001010100011111011011110001
00001001100111001010101100000000
11110111100010000000110101000100
01010010111101010111111100010101
11111000011011000010100110100001
11101101100111111001110110100000
10000101011111011110000101100111
01101101110111100001010101100111
00000110101001001001011000000110
10101111011100111100000111110010
00001000111011100101100101000010
01111000001011101001011111010011
00111010010001101010010101100110
01101001110111111011100111100010
11110110000000000110101000110010
00000110101001001001011000000110
01110100110111010000101001010100
11100011110111110000111101000001
11111101111100000110100011010111
11001110011111011100001011000001
11000001110110010110010010010011
11111000011011000010100110100001
00001110100110011010011010000101
11100001100001100111111111100100
11000111001001100010110011000001
01101001110111111011100111100010
01111100100011011111011010000111
11010001111101001100101110100100
01100100001100011010011111000101
10000001010111110110100111010001
11001100000100010001000010010000
00000110101001001001011000000110
10101111011100111100000111110010
11100001100001100111111111100100
10111111100111110111010101010110
00001110110101011111000100010110
11111000011011000010100110100001
00110001111000100100101100110110
01110000010001100101000000100110
10010000000101010111110110000101
01111110100110101011011001000001
10011100111011010010001010010100
11001001101110110111111111000111
10000101011111011110000101100111
01001111110001000000000011110010
10100110000011111001001011100111
00101110110100001101100100000011
01001101110100101100010011010100
00010010001011110011110010100111
00100100000000101111111011010110
11111001010001010000011101010000
11001110011111011100001011000001
01100000011010101111100001100111
00010111100000110111001111100111
11111000011011000010100110100001
11001100000100010001000010010000
00111111110011010110011011110100
01001010111101111000110111110101
01111100100011011111011010000111
10110011010100001011110111110101
11000111001001100010110011000001
10000101011111011110000101100111
01001001111111001011100011110011
00000110101001001001011000000110
10101111011100111100000111110010
11111000011011000010100110100001
00001110100110011010011010000101
00111111110011010110011011110100
01001010111101111000110111110101
01111100100011011111011010000111
01100011001001011100100110110010
10000101011111011110000101100111
01100100100010111110111010100010
10101111011100111100000111110010
01100101101111011010110010010111
00001101010011100010010011000111
01010110110110110011100101000011
10100010111011110011000111110011
01101001110111111111011111000010
11011111011111000001001101000101
00111101001110010010110000100101
11011001010010111100000000100001
10010111110110110110101111010100
00000110101001001001011000000110
01100110100010000000000000110001
11000011011010000100010100110111
11100101101000110001010000010111
10011111101010111001010101110111
00000110101001001001011000000110
11111000011011000010100110100001
10011110011101011101101000110011
11010010110000001010010101010001
10000011101111100101100011010110
10110101010101100100001001110001
10000011101111100101100011010110
11010111101100010010110100000010
00101110110100001101100100000011
01000111010100100111100001000010
10000000011100101101101000100011
01010100100000111001111110100110
11111000011011000010100110100001
00011110010001111001110101100000
01111100011110001110101100110001
01010100100000111001111110100110
11111000011011000010100110100001
10001000101100110110100110000101
11001001101110110111111111000111
01101001110111111111011111000010
11011111011111000001001101000101
11100001100001100111111111100100
11111000011011000010100110100001
11011011010011000111000111000000
01010100100000111001111110100110
11111000011011000010100110100001
00011001001101110011101000100101
01110000100010001110001001010100
11100001100001100111111111100100
01101001110111111011100111100010
01111100100011011111011010000111
01011110011011100110111011110111
00100011010000111111001111010101
10011000010111011100111000000110
11111000011011000010100110100001
01011100110010011000111010000001
10000101011111011110000101100111
11111000011011000010100110100001
00110001111000100100101100110110
10100010111011110011000111110011
11100001100001100111111111100100
11111001010001010000011101010000
11111000011011000010100110100001
01111111110000111011100011010001
10000101011111011110000101100111
01111100100011011111011010000111
11001011110101101110111011100011
00000110101001001001011000000110
00010011011111011100001111100010
00101111101011011100011010100011
00000110101001001001011000000110
11001110011111011100001011000001
10000101000000000111111000100010
01100101000001001000101010010001
01010100100000111001111110100110
01110000100011001110110111000011
01010001110011101111010110000000
00000110101001001001011000000110
01100011000100000011101110100101
00000110101001001001011000000110
10111010111101100110001111000001
01001000100010000101000001000000
00000110101001001001011000000110
10101111011100111100000111110010
11100001100001100111111111100100
01101100111111100000001011010111
00001110110101011111000100010110
01111100100011011111011010000111
10111111011110001110111011100000
10000000011100101101101000100011
01111100011110001110101100110001
01110000100011001110110111000011
11010111010110101001000001000000
11001001101110110111111111000111
10000101011111011110000101100111
01111100100011011111011010000111
00100111001000000000000101010110
01011110110110000100010000100101
01001110011011101010010110000001
00000110101001001001011000000110
11001110011111011100001011000001
10010100000010010000010101000101
00111111110011010110011011110100
00111111110011010110011011110100
01010100100000111001111110100110
10100111001110111000011100000100
11111000011011000010100110100001
10011110011101011101101000110011
01101001110111111011100111100010
01111100100011011111011010000111
10101101110001100100001111110010
00000110101001001001011000000110
10101111011100111100000111110010
00111111110011010110011011110100
10100011111110101100101100010100
11111000011011000010100110100001
01001100001000001000010001100110
10000101011111011110000101100111
11010011000011001011100010000011
11111100101101100110111101100100
00100010001101110110011111010011
10000101011111011110000101100111
11111000011011000010100110100001
10010111110110110110101111010100
01010100100000111001111110100110
10100000010010011101001010010100
10111110101011000101101011000010
11101100010001101000100100000100
10100110000100100001111100000111
11101001000011001010110001110111
11001001101110110111111111000111
01010100100000111001111110100110
10111000100111111001111110010000
01111100100011011111011010000111
00100100000011101010010011000011
11001110001010101100000001010011
00000110101001001001011000000110
01111100100011011111011010000111
01000010010011010000000100010011
11000001010001110111111101110101
10000101011111011110000101100111
00101010111000000000100001000101
00000110101001001001011000000110
10101111011100111100000111110010
01111100100011011111011010000111
10001000011100000101001000000110
10011101010101101011101010000011
10000101011111011110000101100111
10110000110111100010110101100010
10101111011100111100000111110010
00000011010110101100100010110000
11100101101000110001010000010111
00110011011110110011001110110100
01001001001110101101101111000111
10100010111010010010100101110011
01101001110111111011100111100010
00010110101100110001010011000001
10001100111100010110100011100000
00101110110100001101100100000011
01000010100010001111111011000100
00100000001100000001000110010100
01101001110111111011100111100010
00000110101001001001011000000110
10001011000010100000011000010111
10101111011100111100000111110010
11101110110000111100100101010110
10100000010010011101001010010100
01100010001111111010011101000100
10000101011111011110000101100111
10100011001011100011100001110000
00001111010011011100000000000011
11011110000111000010111000110011
00000110101001001001011000000110
10101111011100111100000111110010
01000001111110011111100110110111
01111100110100111000000101010010
10011000010111011100111000000110
11111000011011000010100110100001
11001100110011101000001110010010
01101001110111111111011111000010
11011111011111000001001101000101
10101111011100111100000111110010
11011001010010111100000000100001
11001010000000101001100011010110
10110000100110100111111010110100
01100011100111111110011011110001
11101110101011001000001100010001
01101000101011011010111111100111
10100010010100100010100000100101
10100011010100111100101100100111
00000000101101100100100100000100
00000110101001001001011000000110
00101110110100001101100100000011
11100001100001100111111111100100
11110000101111001111100011010101
00001110110101011111000100010110
11111000011011000010100110100001
10010100101010011001000101100010
10000101011111011110000101100111
11000010011100100011010011100111
10000011101111100101100011010110
00101110110100001101100100000011
10110101111101100111001101100100
11111000011011000010100110100001
01111100011110001110101100110001
01111100111011010110011010110001
01100110100010000000000000110001
11000001011111100000000100110001
11001010110100101101000010000101
01101000000010100111011000110110
01100110110110010111000110000001
00101101110110111011010000010111
11000001011111100000000100110001
10100010111011110011000111110011
00110100011010011011001100010110
01111100111011010110011010110001
11100110001001010101110100000110
11011010100101001000000011000001
01001000110010100101010101010001
00101110110100001101100100000011
10000110110111100000100010000110
11110110000101010001010000110101
01100000011010101111100001100111
00110011010101011001000100000001
00111010010000110110100110110101
01010100100000111001111110100110
11111000011011000010100110100001
01111100011110001110101100110001
01101011100110101100100001010011
11011101010110000000011000000001
10010110111001110100011010000110
01110001100110000000101000010001
10110000100110100111111010110100
00011000010100001101000001000100
10000101011111011110000101100111
00110111111100101101000010110011
10011100111011010010001010010100
01101001110111111011100111100010
01111100110100111000000101010010
10011110101111010101011100000111
10000101011111011110000101100111
01101000101011011010111111100111
01110111111010100011000110010111
00000110101001001001011000000110
00101110110100001101100100000011
00111111110011010110011011110100
01111100100011011111011010000111
01100100000101000101000110010100
11111100101101100110111101100100
10100010111011110011000111110011
00101101110110111011010000010111
10001110010111001101000111010001
01111100100011011111011010000111
00101111000100110011001010000011
00100001111100011011111101010111
01010100100000111001111110100110
10001000101100110110100110000101
11001001101110110111111111000111
01110010101110110111011110000111
11100100111110111111110101110110
10100010111011110011000111110011
11110111100010000000110101000100
00101110110100001101100100000011
00111111110011010110011011110100
11111000011011000010100110100001
01010101111001001010111110110000
00000110101001001001011000000110
11101000110110101011001000100011
11110011110100001110010101100001
11001111101001011010000000000101
00011111100011101111010110000111
01111100111011010110011010110001
00101110110100001101100100000011
01101000000010100111011000110110
01001110000011011100110111100100
00101101110110111011010000010111
00000110101001001001011000000110
01111100111011010110011010110001
10110001000111000011111011100101
10110100001100010001000101100111
01000111111000010111110101010111
11011010100101001000000011000001
00001000010100101010111111110011
01111100111011010110011010110001
11001010110100101101000010000101
10110011111101011010100111100011
11000001000101001001100110010101
10011010011110011000010000000110
01110000100011001110110111000011
01111100111011010110011010110001
01111100111011010110011010110001
10110111011110101100011110000010
11111011000100110101010100110111
00000110101001001001011000000110
01111100111011010110011010110001
11000011100001001011001100100100
11011010100101001000000011000001
01001111111101110101100101000001
01111100111011010110011010110001
01001000000101111110001110000001
01000101011110110100000010110001
00010111100110101000101100110100
01101001110111111011100111100010
11001111110111100101110011110011
00101101110110111011010000010111
01001110000011011100110111100100
10111000100111111001111110010000
11111000011011000010100110100001
10011010110110010111111100000110
11000101000010101000011111000101
10100010111011110011000111110011
00110100011010011011001100010110
01111100111011010110011010110001
00101110110100001101100100000011
00100000111010001010001110100100
11000101000010101000011111000101
11011111011111000001001101000101
01010100100000111001111110100110
11100100010111110111110011000101
01010100100000111001111110100110
11111000011011000010100110100001
01001101001000100001010000100111
10000101011111011110000101100111
01100000011010101111100001100111
00110101111110010100111100110001
00000110101001001001011000000110
01100110100010000000000000110001
00001100100000001101010000010001
11101010110011010001001010110110
01001000110010100101010101010001
11011101010110000000011000000001
01111100111011010110011010110001
01001110000011011100110111100100
10100100000001110110000011110010
00101101011000110000101100010000
11111100101101100110111101100100
01001110000011011100110111100100
10011100110111011001110101010111
01010100100000111001111110100110
10001110010111001101000111010001
01111100100011011111011010000111
11001111100110110101111100100001
11111100101101100110111101100100
00101101110110111011010000010111
10001110010111001101000111010001
10010111000110100111100011110101
11011111010010100000010010100000
01111100111011010110011010110001
01111100111011010110011010110001
00101110110100001101100100000011
00001000111011100101100101000010
00100011110110011110010000110000
11111100101101100110111101100100
00000110101001001001011000000110
01111100111011010110011010110001
01001010100110111011100000110101
01001000110010100101010101010001
00000110101001001001011000000110
01010111100101100000010000110110
11011010010001010100010111110100
10110101100010001101011010000010
10101010001011100101001001010011
11000101000010101000011111000101
11111000011011000010100110100001
10000111110010100010111011100100
01111100111011010110011010110001
11000001000101001001100110010101
00111101001110010010110000100101
01001110000011011100110111100100
11001110000011110100011101100110
00110100011010011011001100010110
01111100111011010110011010110001
11111000011011000010100110100001
01111100011110001110101100110001
10111100000011101100110011100111
10000101110111001000010001100010
00000110101001001001011000000110
10101111011100111100000111110010
00101110110100001101100100000011
11100001100001100111111111100100
11000011001100010001100010110010
01010100100000111001111110100110
11000011001100010001100010110010
11110110000101010001010000110101
01001111101101100010000111100001
00000110101001001001011000000110
10100110000100100001111100000111
01001000010111101110111011110010
00110011010011111001000110100011
01111100111011010110011010110001
10011000101111010001101011110000
00000110101001001001011000000110
01111100111011010110011010110001
00101110110100001101100100000011
01001000110010100101010101010001
00101110110100001101100100000011
00111111110011010110011011110100
01111100100011011111011010000111
00101101001100011001100000000101
01100100000101000101000110010100
10100010111011110011000111110011
11100001100001100111111111100100
01010100000100110100000101110000
01010100100000111001111110100110
10001110010111001101000111010001
10011110101111010101011100000111
10000101011111011110000101100111
11000100111111011010010100010101
